	TF BTL Small Studio-L		
Frequency (Hz)	Magnitude (dB)	Phase (degrees)	Coherence
1.464844	-10.30	-57.60	0.47
2.929688	-6.77	-171.92	0.55
4.394531	-1.78	145.79	0.90
5.859375	-0.42	139.38	0.90
7.324219	0.03	87.84	0.89
8.789062	0.96	80.94	0.95
10.253906	2.26	60.51	0.96
11.718750	1.92	47.60	0.98
13.183594	1.12	39.00	0.99
14.648438	0.31	33.78	0.99
16.113281	-0.14	34.30	1.00
17.578125	-0.40	37.36	0.99
19.042969	-0.32	41.93	0.99
20.507812	0.08	47.38	0.96
21.972656	1.05	49.63	0.97
23.437500	2.29	49.54	1.00
24.902344	3.78	47.30	0.98
26.367188	5.41	40.97	0.97
27.832031	6.90	31.19	0.98
29.296875	7.83	20.85	0.99
30.761719	8.12	10.58	0.99
32.226562	7.81	0.50	0.99
33.691406	7.02	-8.27	0.99
35.156250	6.00	-14.69	0.99
36.621094	4.99	-18.47	1.00
38.085938	4.21	-19.77	1.00
39.550781	3.77	-19.31	0.99
41.015625	3.69	-18.23	0.99
42.480469	3.94	-17.87	1.00
43.945312	4.41	-18.95	0.99
45.410156	4.95	-21.52	1.00
46.875000	5.47	-25.34	1.00
48.339844	5.93	-30.13	1.00
49.804688	6.33	-35.77	1.00
51.269531	6.61	-42.31	1.00
52.734375	6.68	-49.66	0.99
54.199219	6.46	-57.54	0.99
55.664062	5.88	-65.50	0.98
57.128906	4.90	-73.18	0.98
58.593750	3.58	-80.05	0.96
60.058594	2.06	-85.44	0.96
61.523438	0.55	-88.35	0.90
62.988281	-0.75	-87.73	0.80
64.453125	-1.67	-83.27	0.39
65.917969	-2.19	-76.62	0.94
67.382812	-2.42	-70.99	0.97
68.847656	-2.55	-68.45	0.97
70.312500	-2.73	-69.02	0.97
71.777344	-3.05	-71.70	0.99
73.242188	-3.55	-75.52	0.95
74.707031	-4.20	-79.69	0.94
76.171875	-4.91	-83.36	0.92
77.636719	-5.54	-85.47	0.92
79.101562	-5.99	-83.52	0.85
80.566406	-6.15	-65.80	0.86
82.031250	-5.99	4.69	0.60
83.496094	-5.54	35.21	0.83
84.960938	-4.85	39.62	0.90
86.425781	-4.00	38.32	0.90
87.890625	-3.09	34.98	0.98
89.355469	-2.17	30.68	0.98
90.820312	-1.31	25.87	0.99
92.285156	-0.54	20.77	0.99
93.750000	0.10	15.54	0.99
95.214844	0.61	10.28	0.99
96.679688	0.96	5.08	0.99
98.144531	1.17	0.05	0.99
99.609375	1.24	-4.71	0.99
101.074219	1.18	-9.15	1.00
102.539062	1.02	-13.20	1.00
104.003906	0.77	-16.85	1.00
105.468750	0.44	-20.06	1.00
106.933594	0.06	-22.79	1.00
108.398438	-0.37	-25.00	1.00
109.863281	-0.83	-26.60	1.00
111.328125	-1.29	-27.50	0.99
112.792969	-1.75	-27.55	0.99
114.257812	-2.16	-26.64	0.98
115.722656	-2.51	-24.72	0.99
117.187500	-2.75	-21.84	0.98
118.652344	-2.87	-18.27	0.86
120.117188	-2.85	-14.41	0.27
121.582031	-2.69	-10.74	0.87
123.046875	-2.40	-7.66	0.98
124.511719	-1.99	-5.40	0.99
125.976562	-1.51	-4.03	0.98
127.441406	-0.96	-3.50	0.99
128.906250	-0.37	-3.70	1.00
130.371094	0.23	-4.49	1.00
131.835938	0.83	-5.77	1.00
133.300781	1.42	-7.42	1.00
134.765625	1.97	-9.36	1.00
136.230469	2.48	-11.52	1.00
137.695312	2.94	-13.84	1.00
139.160156	3.34	-16.26	1.00
140.625000	3.68	-18.73	1.00
143.554688	3.95	-21.20	0.99
146.484375	4.46	-26.47	0.99
149.414062	4.79	-31.46	0.99
152.343750	5.01	-36.07	0.99
155.273438	5.16	-40.31	1.00
158.203125	5.29	-44.32	1.00
161.132812	5.41	-48.27	1.00
164.062500	5.52	-52.29	1.00
166.992188	5.59	-56.47	1.00
169.921875	5.60	-60.79	1.00
172.851562	5.53	-65.16	0.99
175.781250	5.39	-69.47	1.00
178.710938	5.18	-73.58	0.99
181.640625	4.91	-77.40	0.99
184.570312	4.59	-80.88	1.00
187.500000	4.25	-84.00	1.00
190.429688	3.91	-86.80	1.00
193.359375	3.55	-89.28	1.00
196.289062	3.21	-91.46	1.00
199.218750	2.87	-93.35	1.00
202.148438	2.56	-94.94	1.00
205.078125	2.27	-96.26	1.00
208.007812	2.01	-97.33	1.00
210.937500	1.79	-98.20	1.00
213.867188	1.62	-98.93	1.00
216.796875	1.50	-99.60	1.00
219.726562	1.41	-100.27	1.00
222.656250	1.37	-101.01	1.00
225.585938	1.35	-101.86	1.00
228.515625	1.36	-102.85	1.00
231.445312	1.38	-103.98	1.00
234.375000	1.41	-105.26	1.00
237.304688	1.45	-106.68	1.00
240.234375	1.49	-108.24	1.00
243.164062	1.52	-109.91	1.00
246.093750	1.54	-111.70	1.00
249.023438	1.55	-113.56	1.00
251.953125	1.55	-115.49	0.99
254.882812	1.55	-117.47	1.00
257.812500	1.54	-119.52	0.99
260.742188	1.52	-121.62	0.99
263.671875	1.48	-123.77	0.99
266.601562	1.43	-125.96	0.99
269.531250	1.35	-128.13	0.99
272.460938	1.26	-130.26	0.99
275.390625	1.15	-132.27	0.99
278.320312	1.04	-134.11	1.00
281.250000	0.93	-135.77	0.99
287.109375	0.84	-137.24	0.95
292.968750	0.69	-140.22	0.91
298.828125	0.66	-143.01	0.92
304.687500	0.76	-146.06	0.98
310.546875	0.92	-149.62	0.99
316.406250	1.11	-153.77	0.99
322.265625	1.29	-158.48	0.99
328.125000	1.42	-163.66	0.99
333.984375	1.47	-169.16	1.00
339.843750	1.42	-174.84	0.99
345.703125	1.26	179.51	0.99
351.562500	1.00	174.18	0.98
357.421875	0.65	169.57	0.98
363.281250	0.26	166.24	0.93
369.140625	-0.12	165.03	0.90
375.000000	-0.44	167.01	0.91
380.859375	-0.64	173.39	0.96
386.718750	-0.68	-175.77	0.96
392.578125	-0.58	-163.53	0.91
398.437500	-0.34	-154.33	0.93
404.296875	-0.01	-149.74	0.96
410.156250	0.39	-148.87	0.98
416.015625	0.81	-150.48	0.98
421.875000	1.23	-153.63	0.98
427.734375	1.65	-157.74	0.97
433.593750	2.05	-162.44	0.99
439.453125	2.42	-167.53	0.99
445.312500	2.78	-172.89	1.00
451.171875	3.10	-178.46	0.98
457.031250	3.39	175.82	0.98
462.890625	3.62	170.02	0.98
468.750000	3.80	164.19	1.00
474.609375	3.92	158.40	0.99
480.468750	3.98	152.70	0.99
486.328125	3.99	147.11	1.00
492.187500	3.95	141.65	1.00
498.046875	3.87	136.36	0.99
503.906250	3.74	131.22	1.00
509.765625	3.57	126.27	1.00
515.625000	3.37	121.51	0.99
521.484375	3.13	116.97	0.99
527.343750	2.87	112.65	0.99
533.203125	2.59	108.59	0.97
539.062500	2.30	104.83	0.98
544.921875	2.01	101.40	0.99
550.781250	1.74	98.31	1.00
556.640625	1.50	95.58	0.99
562.500000	1.29	93.18	0.98
574.218750	1.13	91.08	0.88
585.937500	0.89	86.75	0.81
597.656250	0.85	82.58	0.90
609.375000	0.97	78.13	0.94
621.093750	1.17	73.19	0.96
632.812500	1.39	67.83	0.98
644.531250	1.60	62.16	0.99
656.250000	1.77	56.29	0.97
667.968750	1.89	50.27	0.93
679.687500	1.96	44.17	0.94
691.406250	1.97	38.04	0.98
703.125000	1.91	32.02	0.99
714.843750	1.78	26.27	0.99
726.562500	1.58	20.94	1.00
738.281250	1.34	16.18	0.99
750.000000	1.06	12.10	0.93
761.718750	0.78	8.73	0.75
773.437500	0.53	5.96	0.15
785.156250	0.32	3.56	0.87
796.875000	0.17	1.28	0.92
808.593750	0.07	-1.04	0.90
820.312500	-0.00	-3.46	0.92
832.031250	-0.04	-5.95	0.97
843.750000	-0.07	-8.45	0.99
855.468750	-0.07	-10.85	0.96
867.187500	-0.05	-13.10	0.92
878.906250	-0.00	-15.20	0.59
890.625000	0.08	-17.24	0.56
902.343750	0.21	-19.40	0.95
914.062500	0.36	-21.78	0.94
925.781250	0.53	-24.48	0.92
937.500000	0.70	-27.49	0.81
949.218750	0.85	-30.78	0.95
960.937500	0.97	-34.30	0.96
972.656250	1.05	-37.94	0.98
984.375000	1.08	-41.59	0.99
996.093750	1.07	-45.13	0.99
1007.812500	1.04	-48.49	0.96
1019.531250	0.98	-51.60	0.96
1031.250000	0.92	-54.44	0.96
1042.968750	0.87	-57.01	0.92
1054.687500	0.83	-59.36	0.50
1066.406250	0.82	-61.57	0.61
1078.125000	0.84	-63.73	0.85
1089.843750	0.88	-65.92	0.86
1101.562500	0.95	-68.19	0.98
1113.281250	1.03	-70.56	0.99
1125.000000	1.11	-73.04	0.98
1148.437500	1.19	-75.61	0.96
1171.875000	1.33	-81.45	0.97
1195.312500	1.39	-87.58	0.96
1218.750000	1.35	-93.73	0.98
1242.187500	1.21	-99.66	0.97
1265.625000	0.99	-105.25	0.93
1289.062500	0.72	-110.47	0.73
1312.500000	0.41	-115.38	0.80
1335.937500	0.09	-119.98	0.83
1359.375000	-0.22	-124.24	0.92
1382.812500	-0.50	-128.15	0.93
1406.250000	-0.76	-131.74	0.86
1429.687500	-0.97	-135.00	0.89
1453.125000	-1.15	-137.98	0.95
1476.562500	-1.27	-140.68	0.98
1500.000000	-1.32	-143.18	0.87
1523.437500	-1.31	-145.57	0.86
1546.875000	-1.24	-147.93	0.90
1570.312500	-1.11	-150.33	0.89
1593.750000	-0.93	-152.81	0.85
1617.187500	-0.70	-155.42	0.91
1640.625000	-0.45	-158.23	0.95
1664.062500	-0.19	-161.25	0.92
1687.500000	0.05	-164.48	0.92
1710.937500	0.28	-167.89	0.93
1734.375000	0.47	-171.42	0.93
1757.812500	0.61	-174.98	0.81
1781.250000	0.70	-178.51	0.56
1804.687500	0.76	178.06	0.87
1828.125000	0.78	174.75	0.95
1851.562500	0.77	171.59	0.92
1875.000000	0.74	168.62	0.92
1898.437500	0.71	165.84	0.74
1921.875000	0.68	163.25	0.66
1945.312500	0.67	160.82	0.86
1968.750000	0.68	158.48	0.71
1992.187500	0.71	156.19	0.89
2015.625000	0.77	153.88	0.94
2039.062500	0.84	151.53	0.91
2062.500000	0.92	149.12	0.92
2085.937500	1.02	146.68	0.95
2109.375000	1.12	144.21	0.98
2132.812500	1.22	141.73	0.95
2156.250000	1.33	139.24	0.82
2179.687500	1.44	136.74	0.52
2203.125000	1.54	134.22	0.86
2226.562500	1.62	131.69	0.96
2250.000000	1.68	129.21	0.95
2296.875000	1.72	126.82	0.98
2343.750000	1.75	121.85	0.92
2390.625000	1.70	117.68	0.77
2437.500000	1.60	114.51	0.52
2484.375000	1.49	112.22	0.83
2531.250000	1.38	110.62	0.83
2578.125000	1.30	109.43	0.36
2625.000000	1.26	108.29	0.59
2671.875000	1.26	106.81	0.89
2718.750000	1.29	104.87	0.95
2765.625000	1.35	102.54	0.94
2812.500000	1.42	99.93	0.86
2859.375000	1.49	97.19	0.84
2906.250000	1.54	94.47	0.91
2953.125000	1.57	91.91	0.71
3000.000000	1.58	89.59	0.77
3046.875000	1.57	87.56	0.58
3093.750000	1.55	85.80	0.51
3140.625000	1.54	84.22	0.71
3187.500000	1.53	82.75	0.66
3234.375000	1.52	81.37	0.51
3281.250000	1.52	80.02	0.74
3328.125000	1.52	78.70	0.81
3375.000000	1.52	77.39	0.61
3421.875000	1.52	76.05	0.75
3468.750000	1.52	74.67	0.84
3515.625000	1.51	73.26	0.86
3562.500000	1.50	71.85	0.90
3609.375000	1.49	70.50	0.87
3656.250000	1.48	69.21	0.63
3703.125000	1.47	67.97	0.67
3750.000000	1.46	66.75	0.76
3796.875000	1.46	65.53	0.87
3843.750000	1.46	64.29	0.78
3890.625000	1.47	63.02	0.63
3937.500000	1.47	61.71	0.90
3984.375000	1.47	60.36	0.93
4031.250000	1.46	59.03	0.94
4078.125000	1.46	57.73	0.85
4125.000000	1.45	56.51	0.69
4171.875000	1.45	55.36	0.79
4218.750000	1.46	54.28	0.76
4265.625000	1.48	53.23	0.63
4312.500000	1.51	52.20	0.82
4359.375000	1.56	51.15	0.76
4406.250000	1.62	50.06	0.75
4453.125000	1.68	48.93	0.86
4500.000000	1.74	47.76	0.89
4593.750000	1.79	46.59	0.86
4687.500000	1.88	44.05	0.83
4781.250000	1.94	41.64	0.71
4875.000000	1.99	39.26	0.72
4968.750000	2.01	36.71	0.90
5062.500000	2.02	33.97	0.90
5156.250000	2.00	31.16	0.88
5250.000000	1.97	28.40	0.91
5343.750000	1.92	25.78	0.82
5437.500000	1.88	23.31	0.86
5531.250000	1.83	20.92	0.93
5625.000000	1.76	18.60	0.91
5718.750000	1.69	16.39	0.91
5812.500000	1.61	14.37	0.87
5906.250000	1.53	12.56	0.88
6000.000000	1.48	10.92	0.87
6093.750000	1.45	9.39	0.89
6187.500000	1.43	7.91	0.81
6281.250000	1.43	6.45	0.87
6375.000000	1.44	4.95	0.93
6468.750000	1.46	3.40	0.96
6562.500000	1.48	1.83	0.95
6656.250000	1.50	0.25	0.93
6750.000000	1.54	-1.31	0.92
6843.750000	1.58	-2.84	0.92
6937.500000	1.63	-4.34	0.95
7031.250000	1.68	-5.82	0.93
7125.000000	1.74	-7.28	0.93
7218.750000	1.80	-8.74	0.93
7312.500000	1.87	-10.22	0.97
7406.250000	1.95	-11.73	0.97
7500.000000	2.02	-13.28	0.92
7593.750000	2.09	-14.87	0.91
7687.500000	2.15	-16.51	0.86
7781.250000	2.20	-18.18	0.93
7875.000000	2.24	-19.86	0.92
7968.750000	2.27	-21.52	0.94
8062.500000	2.29	-23.16	0.95
8156.250000	2.31	-24.77	0.95
8250.000000	2.33	-26.33	0.96
8343.750000	2.34	-27.85	0.96
8437.500000	2.36	-29.31	0.94
8531.250000	2.38	-30.73	0.94
8625.000000	2.40	-32.11	0.94
8718.750000	2.43	-33.43	0.97
8812.500000	2.45	-34.70	0.98
8906.250000	2.47	-35.91	0.96
9000.000000	2.50	-37.06	0.95
9187.500000	2.52	-38.17	0.94
9375.000000	2.56	-40.54	0.94
9562.500000	2.59	-42.85	0.94
9750.000000	2.59	-45.12	0.95
9937.500000	2.56	-47.33	0.96
10125.000000	2.49	-49.40	0.96
10312.500000	2.39	-51.24	0.95
10500.000000	2.28	-52.80	0.94
10687.500000	2.16	-54.09	0.93
10875.000000	2.06	-55.16	0.97
11062.500000	1.97	-56.07	0.95
11250.000000	1.89	-56.86	0.96
11437.500000	1.83	-57.57	0.97
11625.000000	1.78	-58.25	0.96
11812.500000	1.74	-58.89	0.96
12000.000000	1.70	-59.51	0.97
12187.500000	1.66	-60.10	0.95
12375.000000	1.61	-60.66	0.98
12562.500000	1.55	-61.14	0.96
12750.000000	1.49	-61.52	0.95
12937.500000	1.41	-61.75	0.96
13125.000000	1.33	-61.81	0.95
13312.500000	1.26	-61.71	0.95
13500.000000	1.20	-61.46	0.96
13687.500000	1.15	-61.09	0.93
13875.000000	1.12	-60.65	0.95
14062.500000	1.11	-60.18	0.94
14250.000000	1.11	-59.74	0.97
14437.500000	1.12	-59.33	0.96
14625.000000	1.13	-58.97	0.97
14812.500000	1.13	-58.63	0.97
15000.000000	1.13	-58.27	0.96
15187.500000	1.12	-57.87	0.96
15375.000000	1.10	-57.40	0.95
15562.500000	1.08	-56.84	0.93
15750.000000	1.06	-56.19	0.92
15937.500000	1.05	-55.45	0.95
16125.000000	1.04	-54.66	0.95
16312.500000	1.03	-53.83	0.91
16500.000000	1.03	-53.01	0.93
16687.500000	1.03	-52.20	0.95
16875.000000	1.03	-51.43	0.97
17062.500000	1.03	-50.69	0.98
17250.000000	1.03	-49.96	0.97
17437.500000	1.02	-49.24	0.96
17625.000000	1.02	-48.54	0.94
17812.500000	1.01	-47.84	0.96
18000.000000	1.00	-47.16	0.96
18187.500000	0.98	-46.52	0.93
18375.000000	0.97	-45.92	0.96
18562.500000	0.95	-45.37	0.97
18750.000000	0.93	-44.88	0.96
18937.500000	0.90	-44.45	0.96
19125.000000	0.85	-44.06	0.96
19312.500000	0.79	-43.69	0.98
19500.000000	0.72	-43.32	0.98
19687.500000	0.63	-42.93	0.97
19875.000000	0.53	-42.50	0.96
20062.500000	0.42	-42.01	0.96
20250.000000	0.30	-41.45	0.98
20437.500000	0.18	-40.82	0.96
20625.000000	0.05	-40.12	0.97
20812.500000	-0.08	-39.34	0.98
21000.000000	-0.21	-38.51	0.98
21187.500000	-0.35	-37.62	0.99
21375.000000	-0.48	-36.68	0.98
21562.500000	-0.61	-35.69	0.99
21750.000000	-0.75	-34.66	0.99
21937.500000	-0.88	-33.59	0.99
22125.000000	-1.02	-32.48	0.98
22312.500000	-1.15	-31.32	0.99
22500.000000	-1.29	-30.11	0.99
22687.500000	-1.42	-28.88	0.99
22875.000000	-1.55	-27.61	0.99
23062.500000	-1.68	-26.33	0.99
23250.000000	-1.80	-25.04	0.99
23437.500000	-1.92	-23.75	0.98
23625.000000	-2.04	-22.47	0.98
23812.500000	-2.16	-21.21	0.99
24000.000000	-2.28	-19.96	0.98
24187.500000	-2.40	-18.74	0.99
24375.000000	-2.53	-17.54	0.99
24562.500000	-2.65	-16.36	0.99
24750.000000	-2.78	-15.20	0.99
24937.500000	-2.90	-14.07	0.99
25125.000000	-3.03	-12.95	0.99
25312.500000	-3.16	-11.86	1.00
25500.000000	-3.30	-10.79	0.99
25687.500000	-3.44	-9.74	0.98
25875.000000	-3.58	-8.70	0.99
26062.500000	-3.73	-7.67	0.99
26250.000000	-3.88	-6.66	0.99
26437.500000	-4.04	-5.65	0.99
26625.000000	-4.20	-4.63	0.99
26812.500000	-4.37	-3.62	0.99
27000.000000	-4.54	-2.58	0.99
27187.500000	-4.71	-1.53	0.99
27375.000000	-4.89	-0.46	0.99
27562.500000	-5.07	0.65	0.99
27750.000000	-5.25	1.79	0.99
27937.500000	-5.43	2.97	0.98
28125.000000	-5.61	4.19	0.99
28312.500000	-5.80	5.45	0.99
28500.000000	-5.98	6.75	0.99
28687.500000	-6.15	8.10	0.99
28875.000000	-6.33	9.48	0.99
29062.500000	-6.50	10.90	0.99
29250.000000	-6.67	12.35	0.99
29437.500000	-6.84	13.84	0.99
29625.000000	-7.00	15.35	0.99
29812.500000	-7.16	16.89	0.99
30000.000000	-7.32	18.46	0.99
30187.500000	-7.47	20.04	0.99
30375.000000	-7.62	21.63	0.98
30562.500000	-7.76	23.22	0.99
30750.000000	-7.90	24.82	0.99
30937.500000	-8.04	26.40	0.99
31125.000000	-8.18	27.97	1.00
31312.500000	-8.31	29.52	1.00
31500.000000	-8.44	31.05	0.99
31687.500000	-8.57	32.55	0.99
31875.000000	-8.69	34.02	0.99
32062.500000	-8.82	35.45	0.99
32250.000000	-8.94	36.85	0.99
32437.500000	-9.07	38.21	0.99
32625.000000	-9.20	39.53	0.99
32812.500000	-9.32	40.82	0.99
33000.000000	-9.45	42.08	0.99
33187.500000	-9.58	43.30	1.00
33375.000000	-9.71	44.49	0.99
33562.500000	-9.84	45.65	0.99
33750.000000	-9.98	46.78	0.99
33937.500000	-10.11	47.89	0.99
34125.000000	-10.25	48.98	0.98
34312.500000	-10.38	50.05	0.98
34500.000000	-10.52	51.10	0.98
34687.500000	-10.66	52.13	0.98
34875.000000	-10.80	53.14	0.99
35062.500000	-10.94	54.14	0.99
35250.000000	-11.08	55.13	0.99
35437.500000	-11.22	56.10	0.99
35625.000000	-11.36	57.05	0.99
35812.500000	-11.49	57.99	0.99
36000.000000	-11.63	58.91	0.98
36187.500000	-11.77	59.82	0.98
36375.000000	-11.90	60.70	0.98
36562.500000	-12.04	61.57	0.98
36750.000000	-12.17	62.42	0.99
36937.500000	-12.30	63.24	0.98
37125.000000	-12.43	64.04	0.98
37312.500000	-12.56	64.81	0.98
37500.000000	-12.69	65.56	0.98
37687.500000	-12.82	66.28	0.98
37875.000000	-12.94	66.97	0.99
38062.500000	-13.07	67.64	0.98
38250.000000	-13.19	68.27	0.98
38437.500000	-13.31	68.90	0.98
38625.000000	-13.45	69.54	0.99
38812.500000	-13.58	70.17	0.98
39000.000000	-13.73	70.80	0.98
39187.500000	-13.88	71.41	0.99
39375.000000	-14.04	72.01	0.99
39562.500000	-14.20	72.57	0.98
39750.000000	-14.38	73.11	0.99
39937.500000	-14.55	73.60	0.99
40125.000000	-14.74	74.04	0.98
40312.500000	-14.93	74.43	0.99
40500.000000	-15.13	74.75	0.98
40687.500000	-15.33	74.99	0.98
40875.000000	-15.54	75.14	0.99
41062.500000	-15.76	75.20	0.98
41250.000000	-15.98	75.17	0.98
41437.500000	-16.21	75.03	0.98
41625.000000	-16.44	74.79	0.98
41812.500000	-16.68	74.46	0.98
42000.000000	-16.93	74.03	0.98
42187.500000	-17.18	73.50	0.97
42375.000000	-17.42	72.89	0.97
42562.500000	-17.66	72.16	0.97
42750.000000	-17.89	71.29	0.97
42937.500000	-18.11	70.25	0.97
43125.000000	-18.33	69.00	0.97
43312.500000	-18.55	67.51	0.97
43500.000000	-18.76	65.78	0.97
43687.500000	-18.98	63.80	0.97
43875.000000	-19.21	61.55	0.97
44062.500000	-19.43	59.04	0.97
44250.000000	-19.66	56.26	0.97
44437.500000	-19.89	53.17	0.97
44625.000000	-20.12	49.76	0.96
44812.500000	-20.37	45.99	0.96
45000.000000	-20.64	41.84	0.96
45187.500000	-20.95	37.29	0.96
45375.000000	-21.31	32.27	0.96
45562.500000	-21.74	26.80	0.95
45750.000000	-22.26	20.90	0.93
45937.500000	-22.87	14.64	0.92
46125.000000	-23.53	8.12	0.90
46312.500000	-24.21	1.46	0.86
46500.000000	-24.87	-5.25	0.83
46687.500000	-25.47	-12.06	0.78
46875.000000	-25.99	-19.18	0.76
47062.500000	-26.45	-26.71	0.71
47250.000000	-26.85	-34.32	0.65
47437.500000	-27.17	-41.43	0.52
47625.000000	-27.39	-46.73	0.45
47812.500000	-27.50	-48.95	0.23
